50,0,9,682
26,13539,19060,1360
267,37045,63347,52597
372,14857,63871,40380
598,22050,7218,62352
222,43100,44170,28665
9,55159,57500,57518
515,14305,32400,27502
626,18103,42249,49295
670,1206,35245,49854
476,15281,16471,30668
398,58225,40744,733
107,32949,48724,23555
133,24173,41852,49014
650,64486,54380,64847
172,6063,64273,29400
144,44634,7333,1586
601,39066,52925,27453
280,49053,1730,6743
261,4000,20335,46086
105,24029,21332,54248
396,33648,38988,16081
679,43740,33643,55346
371,10657,7357,46001
565,17837,23674,3663
548,59064,30560,31469
160,24510,36585,60810
419,25466,36924,9782
387,26530,2874,14706
341,28772,3593,61569
671,62434,57599,52569
34,44471,15670,59151
481,15984,61708,50350
675,53416,29297,50696
475,53851,12491,34329
421,10050,36759,59803
682,20357,63371,50164
117,19192,32680,63308
211,46247,25844,9778
367,45483,4052,42751
431,38917,29443,57859
568,38341,16340,28603
665,43305,12609,28128
355,35096,62301,62469
251,51645,46392,13597
542,8594,33799,3044
445,43146,9440,49206
143,19015,34583,46044
531,57578,56314,60969
330,29417,56614,16145
48,35208,46520,34922
