100,0,11,297
97,31952,58140,19620,20882
108,8985,43899,57671,19846
122,29371,6463,26765,41735
232,18471,9252,27039,13363
185,63783,34096,4863,1490
83,38772,21850,16140,62810
253,65044,1242,59959,28314
59,19781,14917,3986,1589
294,42250,22844,32012,37666
12,31051,2754,41292,22511
106,3148,39467,47844,29331
136,57944,39860,56027,51484
248,29465,32504,55007,18959
201,39063,64116,24862,18471
84,25449,42138,43612,3501
199,36690,61312,42432,7128
34,53265,32499,39565,26523
269,44808,40095,47296,2722
171,33977,15545,32117,16294
258,2816,44749,59618,12279
23,9838,43165,310,46475
189,37154,2082,49064,58930
283,43293,19391,25038,50991
53,36849,40562,5401,24990
137,48102,3479,7167,64171
43,15562,19287,16756,20043
125,27286,11405,44633,46945
31,44653,39630,38920,10130
158,38705,2759,3671,13386
17,45525,50975,32032,52030
204,24743,14544,30992,59444
139,25193,55466,19648,33210
77,59374,14330,43053,62587
174,15892,62957,5835,37611
169,41226,18297,29527,65505
27,7425,40402,20872,56660
262,2921,28487,22580,49621
97,43113,45267,40250,62102
126,62484,13309,31267,56036
35,34944,28921,20208,20090
240,3160,19825,54439,41252
46,18663,49941,16735,53562
284,45577,6512,5949,21089
90,11007,7821,20107,39553
187,51991,55656,47837,12984
138,2191,26784,42035,58555
41,15482,58654,63551,53621
14,19276,61153,21597,59308
214,56112,14450,34679,58499
86,3706,55042,17881,6594
235,16871,24007,3344,54282
18,64732,9547,19162,30440
24,22881,1693,34770,30433
265,27367,31639,23748,34785
168,10927,40565,54772,405
260,50670,57691,45006,17994
228,40239,15700,16012,57473
94,46182,58561,11155,37694
49,55169,35307,49261,37703
220,44834,56430,42362,46113
58,63769,5053,25812,39574
251,41665,44526,40921,12110
140,2587,45634,41219,17547
153,12300,52087,56902,47940
272,35663,20606,4392,62687
276,22504,38374,58847,10357
179,8648,2756,49462,56869
102,26810,52916,10962,62531
296,7223,39831,63532,20343
215,21519,39202,21484,41815
62,46018,16851,1442,6640
73,34978,31529,62389,33988
170,49413,33831,46213,8469
242,693,48559,28877,64248
132,12367,24318,23238,19514
75,30465,52157,48347,47195
39,59316,22490,35125,39879
143,62333,43965,22658,22723
119,15748,15739,5693,56328
216,12555,8648,62204,43933
11,40852,13365,50164,25244
259,49282,1730,61491,51330
295,48825,31379,32400,31045
198,8769,49283,4951,54162
37,36765,28867,14921,19786
16,38368,51653,47946,39849
274,43347,29124,37197,29250
195,32013,17367,32490,58677
105,9095,49125,40888,3838
60,9043,35947,24849,40934
254,30482,52780,53369,4346
44,40997,54913,46049,56095
141,63973,42159,33561,30204
45,51532,57218,59087,37671
95,47264,28073,4751,52557
289,11740,41896,14692,50239
182,8298,51474,50411,19684
279,61562,44866,54473,29613
152,21433,10712,62358,25104
55,30558,52160,52143,4791
