50,0,8,148
65,0,45800,45494,39725
8,0,20477,33760,24096
105,0,57629,7497,13378
11,0,53367,693,5806
133,0,48069,10485,57995
12,0,50092,12686,62373
75,0,45684,40866,45784
17,0,4957,47850,48930
111,0,52254,34516,39228
112,0,62140,11697,17690
18,0,41266,37330,25167
43,0,5801,39132,15502
137,0,8662,61598,10003
33,0,51210,56282,21110
148,0,9133,45242,18639
101,0,16617,17759,17611
91,0,14802,54004,392
138,0,4801,29383,42096
142,0,47247,15239,22122
34,0,35211,61062,15907
131,0,60239,60114,56379
78,0,63029,48010,29220
31,0,28045,60757,19390
55,0,6076,58677,52969
106,0,17565,41403,10192
9,0,24694,18349,55687
129,0,13312,97,20771
21,0,9195,47490,41736
118,0,7591,45286,17785
24,0,35201,9809,24770
116,0,1067,47454,61631
69,0,3431,39613,3187
92,0,50348,38209,65158
42,0,51111,49744,4754
52,0,33138,40519,43422
25,0,46761,50340,33295
134,0,53020,27665,38804
123,0,36197,404,48430
26,0,54113,51244,28408
132,0,1909,64227,48862
126,0,51863,62024,45148
100,0,976,20380,38414
94,0,32598,46900,62821
44,0,41908,30299,39441
141,0,40436,44748,29118
47,0,4599,64947,28710
117,0,15918,49522,2644
20,0,34112,43386,905
74,0,29738,30397,9426
143,0,58229,26084,56310
