100,0,2,692
4,4299,27675,23696
177,63959,54675,64743
506,51573,37709,25892
414,16718,33061,35140
212,5891,63882,56597
553,15087,32791,62874
165,59803,57989,63425
611,34935,12489,43360
275,53159,31842,42634
493,28400,40944,36038
399,58319,43374,6687
362,11505,61777,48795
339,43922,49581,10024
43,62589,51989,10049
571,60502,10395,24010
430,62887,3380,51267
88,10167,24980,13655
370,60614,13388,46235
577,61363,63818,61707
554,65378,41186,14640
122,52706,45813,31166
444,46240,18264,49857
255,61137,15834,56633
61,13849,2570,40657
575,59406,7328,32901
2,11378,3999,183
293,32538,60725,4576
489,28033,10932,59134
44,60584,15582,9563
100,57988,38246,19829
588,50935,31051,49269
6,27196,46813,3321
617,39324,21782,27000
203,31709,54907,17274
119,36613,12561,1037
204,46593,7501,36753
692,9685,6872,46994
501,24875,55608,64583
615,51834,63760,9756
342,48179,46829,62491
51,40236,11005,38457
277,639,47299,1854
180,52142,63762,4606
276,46137,42671,29148
567,30909,11590,21484
403,51401,11989,48739
102,35452,45435,25464
199,10969,53560,58027
5,59640,31062,26567
59,38515,30507,51405
64,4299,27675,23696
177,63959,54675,64743
506,51573,37709,25892
414,16718,33061,35140
212,5891,63882,56597
553,15087,32791,62874
165,59803,57989,63425
611,34935,12489,43360
275,53159,31842,42634
493,28400,40944,36038
399,58319,43374,6687
362,11505,61777,48795
339,43922,49581,10024
43,62589,51989,10049
571,60502,10395,24010
430,62887,3380,51267
88,10167,24980,13655
370,60614,13388,46235
577,61363,63818,61707
554,65378,41186,14640
122,52706,45813,31166
444,46240,18264,49857
255,61137,15834,56633
61,13849,2570,40657
575,59406,7328,32901
2,11378,3999,183
293,32538,60725,4576
489,28033,10932,59134
44,60584,15582,9563
100,57988,38246,19829
588,50935,31051,49269
6,27196,46813,3321
617,39324,21782,27000
203,31709,54907,17274
119,36613,12561,1037
204,46593,7501,36753
692,9685,6872,46994
501,24875,55608,64583
615,51834,63760,9756
342,48179,46829,62491
51,40236,11005,38457
277,639,47299,1854
180,52142,63762,4606
276,46137,42671,29148
567,30909,11590,21484
403,51401,11989,48739
102,35452,45435,25464
199,10969,53560,58027
5,59640,31062,26567
59,38515,30507,51405
