100,0,24,699
76,63100,62723,54474
242,41880,46916,57176
245,9210,4489,55133
633,14990,63129,3474
350,3917,46730,64815
520,57942,12291,20945
528,42023,37267,50314
155,61647,27691,7880
331,2774,14715,4050
668,59733,15694,62529
648,25702,61041,5829
163,13925,27016,19847
152,64353,8097,54158
486,46584,47803,35220
680,27871,16051,40623
103,22192,51543,7663
217,51871,22906,30319
563,7326,56026,14983
464,45541,16497,41563
270,54448,2606,34381
594,46223,55223,20641
345,51233,26419,57619
461,44135,23904,23986
84,3706,29582,60349
453,8405,39325,48717
356,63693,39627,62057
31,57922,17356,15663
499,35834,38178,55043
62,40324,63898,15550
353,7010,42832,45816
256,52938,356,49463
450,48151,493,48909
674,44346,7362,17395
268,64297,54464,40600
458,62354,24123,20662
24,18755,32251,44732
505,39159,16796,21609
408,53589,18074,46985
699,59004,46610,43082
404,19395,16593,2923
190,54426,53671,16871
219,8281,39446,31658
316,1562,12038,33269
216,13651,11347,42333
179,13753,57042,58411
72,43943,50794,1540
207,23737,14744,27269
456,9891,51708,22750
552,40926,41315,21185
455,13237,13462,41836
279,27420,7885,23774
271,53607,3088,60851
440,46183,58726,33147
75,5723,46231,12812
318,23384,5067,11952
221,19171,20181,59066
423,63929,43077,33824
148,24167,42463,42920
274,25444,59703,52290
629,38586,39449,26824
658,50071,5776,35308
42,17274,65140,23250
418,11469,49853,14750
321,9459,58978,18047
164,28841,25653,28929
73,44697,32993,44790
681,24249,28359,52683
487,54212,50434,2292
315,19669,21206,37993
40,29186,29892,22851
428,63070,16127,735
191,51997,13947,57664
603,4902,51707,44960
215,35419,15674,34545
620,2567,38617,45886
329,34766,56923,17360
138,36204,49943,33560
660,19199,19290,29434
397,58137,42363,40656
441,19101,42018,37519
247,49824,35371,6762
642,19377,46680,10761
146,42692,34782,51826
631,9863,21658,9342
616,20102,12399,42496
126,60956,22489,33086
417,32955,57548,49099
151,18282,18257,33007
248,31909,1963,65124
239,12899,48464,23864
433,58150,29313,26306
252,43524,34647,18364
498,2117,3638,32297
194,64911,62499,59303
388,49890,43712,9673
249,47687,60745,63093
443,33823,13658,53684
540,8443,4402,46695
185,22626,619,37104
357,43066,50873,64724
