109,0,3,297
25,1,27286,11405,44633,46945
258,1,2816,44749,59618,12279
137,1,48102,3479,7167,64171
294,1,42250,22844,32012,37666
283,1,43293,19391,25038,50991
189,1,37154,2082,49064,58930
284,1,45577,6512,5949,21089
12,1,31051,2754,41292,22511
199,1,36690,61312,42432,7128
16,1,38368,51653,47946,39849
274,1,43347,29124,37197,29250
195,1,32013,17367,32490,58677
105,1,9095,49125,40888,3838
35,1,34944,28921,20208,20090
46,1,18663,49941,16735,53562
23,1,9838,43165,310,46475
126,1,62484,13309,31267,56036
97,1,43113,45267,40250,62102
171,1,33977,15545,32117,16294
262,1,2921,28487,22580,49621
27,1,7425,40402,20872,56660
139,1,25193,55466,19648,33210
45,1,51532,57218,59087,37671
43,1,15562,19287,16756,20043
187,1,51991,55656,47837,12984
90,1,11007,7821,20107,39553
158,1,38705,2759,3671,13386
17,1,45525,50975,32032,52030
136,1,57944,39860,56027,51484
174,1,15892,62957,5835,37611
106,1,3148,39467,47844,29331
84,1,25449,42138,43612,3501
53,1,36849,40562,5401,24990
169,1,41226,18297,29527,65505
122,1,29371,6463,26765,41735
31,1,44653,39630,38920,10130
83,1,38772,21850,16140,62810
248,1,29465,32504,55007,18959
201,1,39063,64116,24862,18471
232,1,18471,9252,27039,13363
185,1,63783,34096,4863,1490
138,1,2191,26784,42035,58555
41,1,15482,58654,63551,53621
279,1,61562,44866,54473,29613
182,1,8298,51474,50411,19684
14,1,19276,61153,21597,59308
108,1,8985,43899,57671,19846
214,1,56112,14450,34679,58499
26,1,9764,5620,10451,57137
86,1,3706,55042,17881,6594
269,1,44808,40095,47296,2722
59,1,19781,14917,3986,1589
253,1,65044,1242,59959,28314
297,1,31952,58140,19620,20882
55,1,30558,52160,52143,4791
289,1,11740,41896,14692,50239
44,1,40997,54913,46049,56095
141,1,63973,42159,33561,30204
254,1,30482,52780,53369,4346
120,1,21837,38114,26521,54701
181,1,11539,10731,29537,60038
38,1,45159,42028,50398,41603
148,1,65301,9039,39147,56987
96,1,43919,45984,52198,6741
72,1,36421,9149,56775,63332
93,1,15086,53259,8137,12850
291,1,2944,3130,13823,33693
3,1,31717,50655,29306,55752
261,1,21386,43182,60552,40956
235,1,16871,24007,3344,54282
18,1,64732,9547,19162,30440
24,1,22881,1693,34770,30433
265,1,27367,31639,23748,34785
168,1,10927,40565,54772,405
260,1,50670,57691,45006,17994
228,1,40239,15700,16012,57473
94,1,46182,58561,11155,37694
49,1,55169,35307,49261,37703
220,1,44834,56430,42362,46113
58,1,63769,5053,25812,39574
251,1,41665,44526,40921,12110
140,1,2587,45634,41219,17547
153,1,12300,52087,56902,47940
272,1,35663,20606,4392,62687
82,1,35610,10023,12727,47315
276,1,22504,38374,58847,10357
179,1,8648,2756,49462,56869
5,1,44243,4599,7742,46264
102,1,26810,52916,10962,62531
296,1,7223,39831,63532,20343
60,1,9043,35947,24849,40934
215,1,21519,39202,21484,41815
62,1,46018,16851,1442,6640
73,1,34978,31529,62389,33988
170,1,49413,33831,46213,8469
242,1,693,48559,28877,64248
132,1,12367,24318,23238,19514
75,1,30465,52157,48347,47195
39,1,59316,22490,35125,39879
143,1,62333,43965,22658,22723
249,1,63863,48473,4199,53394
152,1,21433,10712,62358,25104
119,1,15748,15739,5693,56328
216,1,12555,8648,62204,43933
95,1,47264,28073,4751,52557
11,1,40852,13365,50164,25244
259,1,49282,1730,61491,51330
295,1,48825,31379,32400,31045
198,1,8769,49283,4951,54162
