100,0,0,698
6,14386,1156,58367
529,6810,49412,57360
136,15929,24498,7822
630,345,63670,36087
656,56192,35415,20581
637,390,13692,65021
640,48781,17460,27782
492,30901,35775,34896
488,44366,63606,29550
401,11249,23561,48701
684,37781,35182,2662
296,13616,16655,51955
109,26434,7473,35458
522,21431,30456,30099
619,51934,7666,51373
333,12185,63194,7284
527,35099,63753,45881
525,55601,28815,9829
29,30065,31955,35919
320,1667,23205,33754
223,50521,44636,31516
57,19621,47417,39653
639,8482,6842,10503
91,7383,2074,40696
385,13043,46671,646
288,59549,28517,43351
422,4199,1840,61456
314,46595,59307,58950
562,975,16755,9023
521,52458,53935,12552
466,48200,10832,56102
698,18412,50388,16118
27,47882,63412,56089
512,15518,29598,13488
79,35829,9397,31613
273,51572,38978,18116
0,57129,56539,43028
184,49488,30242,1783
483,21125,50669,13158
580,21299,23100,50208
192,59911,25724,8537
597,1699,46158,30412
208,28591,56721,28759
111,17897,19763,18173
593,15118,51754,21617
241,783,15371,8453
435,8934,7336,15705
232,15631,64789,55937
38,9150,8213,36132
106,16582,56131,813
651,39760,34495,42395
157,55358,37482,59294
132,28527,12428,9869
666,21776,8137,44105
70,1827,56678,35014
95,16117,5546,56013
374,34768,3063,52131
15,2205,32516,28272
348,4164,16233,48882
286,18543,30967,16630
516,56111,49131,29831
140,13171,63754,60742
432,24874,59169,48078
80,37153,28964,17015
628,41279,8472,63922
526,44261,29938,45545
304,35486,35430,29991
400,12271,21784,2050
447,51708,53692,48112
226,43216,35544,13505
539,60135,46723,63970
49,64375,16086,61611
281,44816,41480,62634
508,38289,55273,37000
549,63429,49349,58415
608,15971,47382,8540
113,63682,62033,19126
644,10181,32380,7638
664,23000,11414,50076
373,48980,31130,35691
82,9265,37953,14837
645,38976,29724,15242
71,58729,46273,62295
449,60703,39741,5946
52,63660,63590,35028
349,13504,44104,24943
121,44162,3700,49409
586,5892,36571,29804
485,43373,46489,29496
291,14254,43880,50463
195,31003,55425,36088
566,10758,36245,20179
469,47316,10410,45405
663,49260,13549,42952
171,21141,43082,1173
462,60687,4682,58801
610,43711,34785,32194
319,49982,36151,61988
368,56905,54695,34766
336,60068,35923,64832
