100,0,-1,-1
3,1,31717,50655,29306,55752
261,1,21386,43182,60552,40956
276,1,22504,38374,58847,10357
24,1,22881,1693,34770,30433
260,1,50670,57691,45006,17994
102,1,26810,52916,10962,62531
228,1,40239,15700,16012,57473
94,1,46182,58561,11155,37694
73,1,34978,31529,62389,33988
49,1,55169,35307,49261,37703
220,1,44834,56430,42362,46113
251,1,41665,44526,40921,12110
140,1,2587,45634,41219,17547
119,1,15748,15739,5693,56328
18,1,64732,9547,19162,30440
272,1,35663,20606,4392,62687
179,1,8648,2756,49462,56869
215,1,21519,39202,21484,41815
242,1,693,48559,28877,64248
75,1,30465,52157,48347,47195
39,1,59316,22490,35125,39879
216,1,12555,8648,62204,43933
95,1,47264,28073,4751,52557
132,1,12367,24318,23238,19514
259,1,49282,1730,61491,51330
198,1,8769,49283,4951,54162
37,1,36765,28867,14921,19786
143,1,62333,43965,22658,22723
16,1,38368,51653,47946,39849
58,1,63769,5053,25812,39574
185,1,63783,34096,4863,1490
97,1,43113,45267,40250,62102
274,1,43347,29124,37197,29250
27,1,7425,40402,20872,56660
86,1,3706,55042,17881,6594
90,1,11007,7821,20107,39553
248,1,29465,32504,55007,18959
62,1,46018,16851,1442,6640
189,1,37154,2082,49064,58930
174,1,15892,62957,5835,37611
262,1,2921,28487,22580,49621
153,1,12300,52087,56902,47940
26,1,9764,5620,10451,57137
59,1,19781,14917,3986,1589
296,1,7223,39831,63532,20343
169,1,41226,18297,29527,65505
53,1,36849,40562,5401,24990
83,1,38772,21850,16140,62810
201,1,39063,64116,24862,18471
199,1,36690,61312,42432,7128
258,1,2816,44749,59618,12279
152,1,21433,10712,62358,25104
279,1,61562,44866,54473,29613
12,1,31051,2754,41292,22511
139,1,25193,55466,19648,33210
284,1,45577,6512,5949,21089
84,1,25449,42138,43612,3501
34,0,0
125,1,27286,11405,44633,46945
294,1,42250,22844,32012,37666
137,1,48102,3479,7167,64171
283,1,43293,19391,25038,50991
106,1,3148,39467,47844,29331
31,1,44653,39630,38920,10130
158,1,38705,2759,3671,13386
136,1,57944,39860,56027,51484
254,1,30482,52780,53369,4346
195,1,32013,17367,32490,58677
23,1,9838,43165,310,46475
289,1,11740,41896,14692,50239
35,1,34944,28921,20208,20090
46,1,18663,49941,16735,53562
232,1,18471,9252,27039,13363
105,1,9095,49125,40888,3838
168,1,10927,40565,54772,405
295,1,48825,31379,32400,31045
41,1,15482,58654,63551,53621
17,1,45525,50975,32032,52030
126,1,62484,13309,31267,56036
253,1,65044,1242,59959,28314
141,1,63973,42159,33561,30204
14,1,19276,61153,21597,59308
214,1,56112,14450,34679,58499
60,1,9043,35947,24849,40934
187,1,51991,55656,47837,12984
265,1,27367,31639,23748,34785
11,1,40852,13365,50164,25244
138,1,2191,26784,42035,58555
269,1,44808,40095,47296,2722
122,1,29371,6463,26765,41735
235,1,16871,24007,3344,54282
108,1,8985,43899,57671,19846
170,1,49413,33831,46213,8469
43,1,15562,19287,16756,20043
297,1,31952,58140,19620,20882
45,1,51532,57218,59087,37671
55,1,30558,52160,52143,4791
182,1,8298,51474,50411,19684
171,1,33977,15545,32117,16294
44,1,40997,54913,46049,56095
