400,4,74,19974
74,1,54112,21407,1133
123,1,25872,9334,18239
230,1,4040,37342,16975
259,1,62261,36725,45004
270,1,1430,37673,41291
310,1,33353,25946,42870
339,1,59589,59146,29999
368,1,39326,34500,20553
387,1,32731,33965,22782
456,1,26002,36473,19476
552,1,33323,26168,19756
587,1,37187,15075,43046
596,1,42290,6138,38485
597,1,17184,65072,5905
737,1,41894,64123,28275
867,1,58958,31517,32116
898,1,19245,27243,63172
954,1,49729,64416,11363
982,1,24518,34330,18983
985,1,57697,13911,36634
994,1,10820,7708,36760
1032,1,5546,30338,57585
1105,1,21290,13902,24453
1137,1,49198,31823,63101
1255,1,20127,59097,3230
1329,1,44767,10626,12346
1373,1,11669,54685,56146
1385,1,50366,2685,50787
1467,1,9231,11383,29412
1581,1,51756,13961,41999
1593,1,37140,8103,15712
1633,1,43345,31995,45551
1721,1,19673,9980,33208
1823,1,19252,50901,58807
1837,1,27483,16575,29307
1901,1,17961,59759,61994
1951,1,29224,3447,23119
1993,1,17902,40793,50557
2046,1,5788,34975,14750
2065,1,680,19434,10747
2092,1,60151,5809,62881
2114,1,12285,5627,16244
2138,1,63636,1737,11810
2165,1,5489,14009,20179
2204,1,41870,2658,4186
2241,1,54817,22659,47114
2279,1,43595,24263,57328
2377,1,62094,24047,49127
2433,1,37442,27989,46242
2457,1,12663,17470,12356
2575,1,25504,61562,37877
2760,1,44336,8264,47091
2835,1,37691,23744,62403
2850,1,48476,62750,21522
2875,1,42182,17521,53641
2917,1,44493,34508,24831
2927,1,16591,48641,55462
2975,1,18574,7344,23280
2985,1,49529,18803,7647
3025,1,32353,35437,4963
3092,1,51644,47224,48878
3155,1,38918,35120,28520
3166,1,36852,61395,59888
3228,1,64099,57571,122
3256,1,38360,47226,25617
3364,1,47805,5363,12470
3437,1,16502,3659,45479
3544,1,6134,60973,16580
3578,1,41001,62060,14833
3604,1,13466,27249,42638
3636,1,50153,25245,63127
3677,1,32520,34156,14472
3680,1,47048,36862,2621
3710,1,55501,60911,3442
3766,1,54872,55162,46425
3781,1,38002,18182,18009
3798,1,8477,30377,55182
3819,1,26945,5518,5672
3834,1,23600,47505,59665
3902,1,55052,41579,21286
3951,1,26465,47622,38962
4021,1,32028,41912,50057
4064,1,37724,14128,64283
4110,1,23058,29144,45691
4184,1,22226,33431,19148
4207,1,6771,37240,39433
4258,1,59353,29212,857
4271,1,52413,1663,56104
4337,1,48621,4919,19941
4583,1,23459,41777,7800
4590,1,43910,60609,45179
4655,1,11941,55281,36388
4662,1,4967,14633,28393
4671,1,62463,29686,20455
4701,1,57650,526,17034
4750,1,44744,55622,31133
4773,1,11773,60442,11365
4852,1,28611,16035,49575
4883,1,14898,11402,33934
4909,1,31593,56720,30989
4917,1,52092,31736,61181
4949,1,9162,28142,35136
4965,1,57016,10771,48776
4986,1,8077,22889,49998
5059,1,29211,23769,6015
5061,1,8972,35987,13203
5122,1,57290,16925,32592
5189,1,36945,25044,34213
5274,1,40059,30880,58215
5389,1,14826,35958,19960
5569,1,53111,24689,22172
5697,1,37941,12568,54685
5763,1,30039,23942,15573
5794,1,50684,65405,38442
5822,1,9668,59448,20343
6064,1,10780,53303,12586
6089,1,47446,60225,35688
6124,1,54714,62139,2922
6163,1,25161,29899,11434
6173,1,63789,51434,5528
6180,1,5867,43518,15537
6356,1,50616,39007,42554
6436,1,10202,40750,49427
6441,1,2229,14731,32789
6483,1,48855,38392,10370
6520,1,3055,43066,43161
6531,1,7111,33173,8752
6608,1,12006,22838,59067
6616,1,10650,33949,9848
6660,1,28030,20205,54692
6755,1,34840,55983,11914
6760,1,51636,47736,31527
6776,1,3463,47954,21438
6794,1,62339,716,46070
6833,1,50274,38364,65460
6859,1,49189,7616,7881
6893,1,4055,29199,22214
6939,1,4917,29149,61350
7096,1,28897,32128,59608
7116,1,6796,27624,58459
7131,1,55868,48501,42933
7132,1,56999,34345,59103
7169,1,23189,65394,23936
7201,1,46166,33169,16515
7252,1,2243,5973,41387
7273,1,9461,3937,48710
7309,1,11428,20184,23207
7339,1,24143,30364,48097
7420,1,49655,23563,14249
7449,1,10869,7995,59968
7497,1,11926,56601,18473
7538,1,14518,26629,7470
7599,1,61451,19726,59641
7622,1,39443,13883,60269
7628,1,52638,23552,47197
7665,1,27422,29366,40995
7693,1,437,42791,13125
7694,1,57066,37595,38630
7696,1,36005,60456,6810
7707,1,30523,12464,17841
7900,1,20199,32296,57485
7995,1,5065,4022,57447
8072,1,51637,7646,6689
8192,1,27062,16930,6736
8231,1,27239,30226,52381
8412,1,60726,20949,50432
8500,1,5824,17013,55580
8533,1,12926,15114,64371
8559,1,9366,16970,61361
8624,1,50952,31775,31263
8672,1,39852,9470,17752
8783,1,1466,63509,38502
8814,1,39792,30423,42169
8828,1,61176,20662,26301
8833,1,53222,44425,1750
8849,1,32848,4849,18362
8877,1,22237,30908,46559
8911,1,42265,34122,18871
8919,1,4305,59243,24129
8999,1,49299,9475,27720
9080,1,4859,9327,31883
9142,1,3434,25125,20899
9198,1,9140,16248,56981
9341,1,54936,30511,61486
9383,1,27379,5339,62368
9458,1,52358,41273,34208
9636,1,51390,15293,24553
9669,1,37273,58720,8890
9718,1,59167,63854,57251
9732,1,36718,25929,24012
9747,1,40205,7746,17582
9755,1,51632,49829,63760
9766,1,65019,17932,47894
9956,1,11245,63329,11151
9978,1,45238,22058,292
10037,1,56836,24392,23761
10056,1,63257,28209,24703
10065,1,140,2094,28534
10082,1,45845,32641,21048
10092,1,3051,60238,14127
10105,1,58549,62388,485
10179,1,11445,36676,45599
10183,1,42330,57073,49279
10278,1,57376,37295,34442
10305,1,41464,6850,48012
10331,1,25054,60606,47849
10343,1,60433,26899,37992
10383,1,24610,19364,48330
10460,1,48674,34280,54991
10508,1,55388,32551,50447
10513,1,36023,20275,64848
10561,1,42057,49143,42146
10577,1,41784,31493,56477
10645,1,27094,8300,947
10707,1,19009,13545,30829
10837,1,5729,39466,41226
10887,1,22247,64111,13621
11028,1,59054,31523,62318
11078,1,14424,8891,53063
11127,1,58358,47843,877
11202,1,58911,32624,55009
11259,1,805,47318,62070
11474,1,11036,1457,12847
11481,1,63356,35415,25217
11526,1,13913,32247,54324
11566,1,28001,17817,13669
11577,1,23498,28759,14989
11594,1,62856,36509,8926
11622,1,54707,60799,14785
11644,1,35565,29955,25942
11647,1,1991,3277,15330
11671,1,45864,29502,55965
11690,1,27197,48434,45318
11726,1,18072,58155,47818
11829,1,21625,60574,7402
11885,1,33763,22094,32937
11963,1,782,24210,1744
11975,1,52089,11960,5165
11981,1,24566,23626,46840
12155,1,25793,6333,34439
12171,1,25523,19648,30876
12174,1,50346,25290,28501
12181,1,40575,44744,43503
12230,1,1451,50145,48103
12308,1,22343,45432,52258
12368,1,38925,5441,17496
12424,1,6041,20862,47488
12461,1,5191,40099,40101
12548,1,19716,36474,49488
12578,1,30918,56938,15726
12589,1,46245,39442,54166
12607,1,46162,9458,37551
12646,1,27800,24783,23949
12659,1,44821,25109,902
12752,1,60264,16065,38951
12839,1,16069,5964,50194
12873,1,52263,8958,16933
12893,1,56567,14023,39279
12981,1,11350,37351,12076
13023,1,15593,23615,2450
13087,1,18247,58104,19839
13172,1,29207,39532,16359
13201,1,8651,17193,56871
13209,1,10205,45049,65145
13211,1,26967,47585,60985
13244,1,6233,4693,42020
13263,1,60785,47092,13204
13330,1,26373,32956,18173
13370,1,3798,3379,40746
13404,1,3404,9566,32499
13490,1,5906,8353,52026
13509,1,2403,34708,25903
13549,1,41634,303,10237
13577,1,35277,1992,54636
13617,1,64804,57756,58715
13670,1,26047,57444,9368
13703,1,14710,5398,36567
13743,1,49944,58556,45050
13757,1,6730,18135,43680
13758,1,52021,168,38212
13831,1,65345,30608,16130
13870,1,49630,42922,1221
14038,1,17557,50545,5701
14105,1,46955,31659,65419
14136,1,42471,13561,30688
14147,1,42218,27339,60848
14242,1,3622,8805,47663
14251,1,61402,42574,20900
14291,1,37509,43309,26645
14332,1,18054,48844,35190
14335,1,51013,40754,24659
14383,1,53381,63748,45645
14389,1,57702,8052,43373
14394,1,7802,55980,42357
14432,1,9199,2194,28527
14478,1,18365,7998,18054
14481,1,23519,12092,28117
14496,1,45513,39913,1158
14526,1,40919,10195,60433
14555,1,16536,13495,685
14578,1,32228,20479,2996
14652,1,30910,14115,49195
14692,1,62404,24060,52482
14708,1,688,62322,55110
14720,1,19153,5110,42603
14766,1,10789,34863,54993
14789,1,27137,10274,54202
14794,1,13198,38069,21134
14811,1,43436,9176,4712
14824,1,63658,36815,30339
14919,1,4531,2919,51286
14983,1,4249,19235,31596
15083,1,6893,51688,21742
15118,1,23953,48361,57026
15191,1,11477,37091,48464
15267,1,23750,605,56122
15298,1,2048,6330,9576
15438,1,40892,53744,43552
15517,1,19990,24071,48098
15588,1,23395,6937,22321
15612,1,31280,65016,65009
15766,1,7452,26581,24312
15779,1,62220,29566,29930
15847,1,1781,6807,46597
15873,1,57776,42569,12304
15900,1,14028,41719,57465
15956,1,6888,37984,62920
16001,1,51564,10171,2983
16005,1,6303,41906,2468
16077,1,64957,50091,45339
16145,1,16906,29300,59683
16165,1,58952,18190,2615
16181,1,21879,18051,1957
16193,1,37869,33152,6402
16201,1,4733,56621,54030
16261,1,65155,16221,5664
16273,1,61385,7616,1775
16280,1,48556,29305,40962
16370,1,36048,30293,28447
16516,1,9963,18616,23123
16538,1,30936,36107,1149
16569,1,41046,34199,49274
16586,1,18851,53596,55099
16596,1,2476,872,56137
16599,1,23668,34599,58323
16624,1,8434,15165,47609
16800,1,62970,345,9966
16813,1,63857,5091,15413
16833,1,37503,58713,63902
16834,1,35899,31834,56684
17000,1,392,36604,23487
17038,1,43866,45348,13196
17078,1,63575,29754,59697
17083,1,19651,39558,53008
17100,1,20196,54044,63761
17138,1,5341,52274,64423
17182,1,34025,9986,37015
17210,1,27227,18236,33311
17315,1,46106,1574,30915
17428,1,21824,57549,34918
17510,1,37840,29439,64055
17615,1,11061,43725,52166
17632,1,37568,45241,44417
17667,1,781,55103,60707
17919,1,38677,22896,26652
18204,1,59458,17292,62051
18226,1,24079,9239,23154
18256,1,21330,30591,55779
18260,1,61708,21514,47606
18324,1,36108,43404,61207
18417,1,24089,58162,41294
18444,1,4761,28625,9013
18450,1,6543,28261,62469
18484,1,9070,34498,57693
18487,1,28852,12918,64978
18515,1,24926,48346,3364
18520,1,60969,60889,59037
18593,1,21008,3549,27420
18638,1,52152,60758,65510
18791,1,40287,7735,47184
18935,1,41264,2156,47496
18970,1,56884,57901,27631
19053,1,2721,43186,555
19249,1,50710,43185,18155
19350,1,60554,58761,28775
19431,1,26514,11549,61727
19481,1,50887,35710,24557
19514,1,44179,49837,57371
19534,1,40291,35026,41491
19542,1,20704,40135,46777
19661,1,64652,29042,35223
19787,1,56027,29262,14711
19804,1,18362,8619,3523
19821,1,1507,9787,39419
19840,1,56550,27184,12507
19882,1,63924,27613,54262
19887,1,14698,11919,33817
19894,1,121,1298,2188
19955,1,32066,14338,22209
19974,1,52598,21846,12898
