100,0,3,296
20,1,21837,38114,26521,54701
181,1,11539,10731,29537,60038
38,1,45159,42028,50398,41603
148,1,65301,9039,39147,56987
96,1,43919,45984,52198,6741
72,1,36421,9149,56775,63332
93,1,15086,53259,8137,12850
291,1,2944,3130,13823,33693
3,1,31717,50655,29306,55752
261,1,21386,43182,60552,40956
235,1,16871,24007,3344,54282
18,1,64732,9547,19162,30440
24,1,22881,1693,34770,30433
265,1,27367,31639,23748,34785
168,1,10927,40565,54772,405
260,1,50670,57691,45006,17994
228,1,40239,15700,16012,57473
94,1,46182,58561,11155,37694
49,1,55169,35307,49261,37703
220,1,44834,56430,42362,46113
58,1,63769,5053,25812,39574
251,1,41665,44526,40921,12110
140,1,2587,45634,41219,17547
153,1,12300,52087,56902,47940
272,1,35663,20606,4392,62687
82,1,35610,10023,12727,47315
276,1,22504,38374,58847,10357
179,1,8648,2756,49462,56869
5,1,44243,4599,7742,46264
102,1,26810,52916,10962,62531
296,1,7223,39831,63532,20343
60,1,9043,35947,24849,40934
215,1,21519,39202,21484,41815
62,1,46018,16851,1442,6640
73,1,34978,31529,62389,33988
170,1,49413,33831,46213,8469
242,1,693,48559,28877,64248
132,1,12367,24318,23238,19514
75,1,30465,52157,48347,47195
39,1,59316,22490,35125,39879
143,1,62333,43965,22658,22723
249,1,63863,48473,4199,53394
152,1,21433,10712,62358,25104
119,1,15748,15739,5693,56328
216,1,12555,8648,62204,43933
95,1,47264,28073,4751,52557
11,1,40852,13365,50164,25244
259,1,49282,1730,61491,51330
295,1,48825,31379,32400,31045
198,1,8769,49283,4951,54162
