100,3,12,786
12,1,22771,65012,40005
17,1,31208,55179,33654
18,1,18050,44845,40340
24,1,9934,1268,33414
32,1,34996,62706,56770
45,1,12632,6060,19871
50,1,24361,9597,33441
55,1,11750,7811,24048
63,1,36241,14128,6095
71,1,55176,25084,47741
92,1,62887,62406,8842
97,1,28770,13097,28999
106,1,46039,58428,39107
111,1,64699,8349,43405
112,1,39699,14200,4152
121,1,10410,46723,58847
128,1,14206,38311,38292
151,1,17358,25700,51028
153,1,52615,51720,38812
162,1,29805,58063,59126
164,1,13534,50406,43682
169,1,53127,27148,26639
174,1,6968,34192,20572
177,1,35662,53312,1662
200,1,12360,45851,60866
204,1,56782,63464,48258
208,1,42638,43178,40423
218,1,15471,36612,40204
219,1,8041,46564,28212
228,1,43124,53179,38694
230,1,4953,61184,26537
276,1,51088,42321,31771
277,1,15181,7386,48094
284,1,13315,49014,31509
286,1,13823,60311,45427
294,1,33126,22864,11716
298,1,51001,16090,60897
299,1,52641,55104,25603
300,1,29495,62928,5666
306,1,30581,50453,57468
312,1,47789,65070,25946
313,1,22158,64437,40030
331,1,42730,56586,16755
336,1,19768,59805,32717
337,1,42054,54564,47996
344,1,58487,53562,58469
348,1,1289,57856,52438
349,1,50804,12190,47994
351,1,10647,42870,23420
361,1,3223,61862,18928
366,1,31907,18854,31877
385,1,39102,37650,58557
391,1,51129,20786,19175
400,1,64774,50085,44287
432,1,57915,42885,64269
442,1,14091,30623,60722
443,1,48810,27519,29145
451,1,15552,40737,43452
455,1,53006,5065,56653
456,1,24148,11019,43103
479,1,43501,39897,63703
483,1,6975,45569,55421
484,1,54093,21419,7660
485,1,36673,43352,60154
491,1,27947,52534,37119
495,1,52827,62865,59915
496,1,3863,39422,32410
509,1,36882,35357,49478
513,1,54928,13183,36666
517,1,31641,24703,16197
521,1,39550,42503,32759
523,1,22239,29222,47842
527,1,64849,61386,18236
560,1,35450,65500,57726
563,1,3199,15255,27215
573,1,32913,61525,56137
607,1,10476,57267,8600
616,1,18278,52157,22249
631,1,59274,36175,49547
639,1,5300,15397,23315
644,1,44404,33188,38497
649,1,48546,18952,58190
653,1,61023,27746,14713
654,1,48018,5027,45863
667,1,41258,24613,55491
669,1,48774,63773,11351
671,1,18225,22700,9651
685,1,33374,333,3287
689,1,62915,59891,27638
695,1,46078,64589,42847
708,1,33451,35202,16206
714,1,48061,56515,35214
718,1,41487,3329,17375
722,1,16530,24859,57248
727,1,15968,63128,1053
729,1,30957,9303,17741
762,1,42310,10813,41747
766,1,39742,30307,31592
777,1,25762,38551,25867
786,1,14998,3062,33397
12,1,22771,65012,40005
17,1,31208,55179,33654
18,1,18050,44845,40340
24,1,9934,1268,33414
32,1,34996,62706,56770
45,1,12632,6060,19871
50,1,24361,9597,33441
55,1,11750,7811,24048
63,1,36241,14128,6095
71,1,55176,25084,47741
92,1,62887,62406,8842
97,1,28770,13097,28999
106,1,46039,58428,39107
111,1,64699,8349,43405
112,1,39699,14200,4152
121,1,10410,46723,58847
128,1,14206,38311,38292
151,1,17358,25700,51028
153,1,52615,51720,38812
162,1,29805,58063,59126
164,1,13534,50406,43682
169,1,53127,27148,26639
174,1,6968,34192,20572
177,1,35662,53312,1662
200,1,12360,45851,60866
204,1,56782,63464,48258
208,1,42638,43178,40423
218,1,15471,36612,40204
219,1,8041,46564,28212
228,1,43124,53179,38694
230,1,4953,61184,26537
276,1,51088,42321,31771
277,1,15181,7386,48094
284,1,13315,49014,31509
286,1,13823,60311,45427
294,1,33126,22864,11716
298,1,51001,16090,60897
299,1,52641,55104,25603
300,1,29495,62928,5666
306,1,30581,50453,57468
312,1,47789,65070,25946
313,1,22158,64437,40030
331,1,42730,56586,16755
336,1,19768,59805,32717
337,1,42054,54564,47996
344,1,58487,53562,58469
348,1,1289,57856,52438
349,1,50804,12190,47994
351,1,10647,42870,23420
361,1,3223,61862,18928
366,1,31907,18854,31877
385,1,39102,37650,58557
391,1,51129,20786,19175
400,1,64774,50085,44287
432,1,57915,42885,64269
442,1,14091,30623,60722
443,1,48810,27519,29145
451,1,15552,40737,43452
455,1,53006,5065,56653
456,1,24148,11019,43103
479,1,43501,39897,63703
483,1,6975,45569,55421
484,1,54093,21419,7660
485,1,36673,43352,60154
491,1,27947,52534,37119
495,1,52827,62865,59915
496,1,3863,39422,32410
509,1,36882,35357,49478
513,1,54928,13183,36666
517,1,31641,24703,16197
521,1,39550,42503,32759
523,1,22239,29222,47842
527,1,64849,61386,18236
560,1,35450,65500,57726
563,1,3199,15255,27215
573,1,32913,61525,56137
607,1,10476,57267,8600
616,1,18278,52157,22249
631,1,59274,36175,49547
639,1,5300,15397,23315
644,1,44404,33188,38497
649,1,48546,18952,58190
653,1,61023,27746,14713
654,1,48018,5027,45863
667,1,41258,24613,55491
669,1,48774,63773,11351
671,1,18225,22700,9651
685,1,33374,333,3287
689,1,62915,59891,27638
695,1,46078,64589,42847
708,1,33451,35202,16206
714,1,48061,56515,35214
718,1,41487,3329,17375
722,1,16530,24859,57248
727,1,15968,63128,1053
729,1,30957,9303,17741
762,1,42310,10813,41747
766,1,39742,30307,31592
777,1,25762,38551,25867
786,1,14998,3062,33397
