118,0,3,296
25,1,27286,11405,44633,46945
258,1,2816,44749,59618,12279
137,1,48102,3479,7167,64171
294,1,42250,22844,32012,37666
283,1,43293,19391,25038,50991
189,1,37154,2082,49064,58930
284,1,45577,6512,5949,21089
12,1,31051,2754,41292,22511
199,1,36690,61312,42432,7128
125,1,27286,11405,44633,46945
258,1,2816,44749,59618,12279
137,1,48102,3479,7167,64171
294,1,42250,22844,32012,37666
283,1,43293,19391,25038,50991
189,1,37154,2082,49064,58930
12,1,31051,2754,41292,22511
199,1,36690,61312,42432,7128
284,1,45577,6512,5949,21089
