26,1,13539,19060,1360
33,1,16890,498,30244
46,1,36126,44709,37974
53,1,38322,53573,14571
77,1,44707,20652,6282
85,1,13004,64110,41599
98,1,7831,45740,24502
99,1,44943,46190,52469
124,1,16038,56240,35891
139,1,23795,34241,54183
166,1,54332,247,31811
173,1,12948,31165,31640
205,1,27679,40881,41726
214,1,45246,36193,15022
222,1,43100,44170,28665
227,1,58971,50852,17030
240,1,12869,54967,27040
267,1,37045,63347,52597
269,1,55268,39948,21758
272,1,39543,56338,50700
285,1,20267,1015,55883
297,1,36996,40582,2564
300,1,47689,51993,10126
305,1,4470,17069,37197
322,1,2319,64975,12765
372,1,14857,63871,40380
381,1,52403,45652,21621
409,1,34373,46688,6050
415,1,6025,9881,28340
424,1,18405,4852,36913
426,1,11457,54413,10278
427,1,643,23585,59412
451,1,12895,47110,17191
454,1,19785,40749,16260
477,1,55035,46619,7408
484,1,3851,29962,44620
494,1,34112,51010,37278
495,1,6146,24877,27680
502,1,56592,11019,60411
536,1,26937,42374,48987
546,1,51086,43835,22593
550,1,44429,47166,29478
557,1,35282,8209,14262
598,1,22050,7218,62352
609,1,11262,2840,40403
612,1,1612,30208,56594
622,1,53566,60274,48865
647,1,37482,3680,44633
655,1,41659,54784,42452
694,1,16939,57029,9789
0,1,57129,56539,43028
2,1,11378,3999,183
5,1,59640,31062,26567
6,1,27196,46813,3321
9,1,55159,57500,57518
15,1,2205,32516,28272
24,1,18755,32251,44732
26,1,13539,19060,1360
27,1,47882,63412,56089
29,1,30065,31955,35919
31,1,57922,17356,15663
33,1,16890,498,30244
34,1,44471,15670,59151
38,1,9150,8213,36132
40,1,29186,29892,22851
42,1,17274,65140,23250
43,1,62589,51989,10049
44,1,60584,15582,9563
46,1,36126,44709,37974
48,1,35208,46520,34922
49,1,64375,16086,61611
51,1,40236,11005,38457
52,1,63660,63590,35028
53,1,38322,53573,14571
57,1,19621,47417,39653
59,1,38515,30507,51405
61,1,13849,2570,40657
62,1,40324,63898,15550
64,1,4299,27675,23696
70,1,1827,56678,35014
71,1,58729,46273,62295
72,1,43943,50794,1540
73,1,44697,32993,44790
75,1,5723,46231,12812
77,1,44707,20652,6282
79,1,35829,9397,31613
80,1,37153,28964,17015
82,1,9265,37953,14837
84,1,3706,29582,60349
85,1,13004,64110,41599
86,1,14386,1156,58367
88,1,10167,24980,13655
91,1,7383,2074,40696
95,1,16117,5546,56013
98,1,7831,45740,24502
99,1,44943,46190,52469
100,1,57988,38246,19829
102,1,35452,45435,25464
103,1,22192,51543,7663
105,1,24029,21332,54248
106,1,16582,56131,813
107,1,32949,48724,23555
109,1,26434,7473,35458
111,1,17897,19763,18173
113,1,63682,62033,19126
117,1,19192,32680,63308
119,1,36613,12561,1037
121,1,44162,3700,49409
122,1,52706,45813,31166
124,1,16038,56240,35891
126,1,60956,22489,33086
132,1,28527,12428,9869
133,1,24173,41852,49014
136,1,15929,24498,7822
138,1,36204,49943,33560
139,1,23795,34241,54183
140,1,13171,63754,60742
143,1,19015,34583,46044
144,1,44634,7333,1586
146,1,42692,34782,51826
148,1,24167,42463,42920
151,1,18282,18257,33007
152,1,64353,8097,54158
155,1,61647,27691,7880
157,1,55358,37482,59294
160,1,24510,36585,60810
163,1,13925,27016,19847
164,1,28841,25653,28929
165,1,59803,57989,63425
166,1,54332,247,31811
170,1,53833,30684,60206
171,1,21141,43082,1173
172,1,6063,64273,29400
173,1,12948,31165,31640
177,1,63959,54675,64743
179,1,13753,57042,58411
180,1,52142,63762,4606
184,1,49488,30242,1783
185,1,22626,619,37104
190,1,54426,53671,16871
191,1,51997,13947,57664
192,1,59911,25724,8537
194,1,64911,62499,59303
195,1,31003,55425,36088
199,1,10969,53560,58027
203,1,31709,54907,17274
204,1,46593,7501,36753
205,1,27679,40881,41726
207,1,23737,14744,27269
208,1,28591,56721,28759
211,1,46247,25844,9778
212,1,5891,63882,56597
214,1,45246,36193,15022
215,1,35419,15674,34545
216,1,13651,11347,42333
217,1,51871,22906,30319
219,1,8281,39446,31658
221,1,19171,20181,59066
222,1,43100,44170,28665
223,1,50521,44636,31516
226,1,43216,35544,13505
227,1,58971,50852,17030
232,1,15631,64789,55937
239,1,12899,48464,23864
240,1,12869,54967,27040
241,1,783,15371,8453
242,1,41880,46916,57176
245,1,9210,4489,55133
247,1,49824,35371,6762
248,1,31909,1963,65124
249,1,47687,60745,63093
251,1,51645,46392,13597
252,1,43524,34647,18364
255,1,61137,15834,56633
256,1,52938,356,49463
261,1,4000,20335,46086
267,1,37045,63347,52597
268,1,64297,54464,40600
269,1,55268,39948,21758
270,1,54448,2606,34381
271,1,53607,3088,60851
272,1,39543,56338,50700
273,1,51572,38978,18116
274,1,25444,59703,52290
275,1,53159,31842,42634
276,1,46137,42671,29148
277,1,639,47299,1854
279,1,27420,7885,23774
280,1,49053,1730,6743
281,1,44816,41480,62634
285,1,20267,1015,55883
286,1,18543,30967,16630
288,1,59549,28517,43351
291,1,14254,43880,50463
293,1,32538,60725,4576
296,1,13616,16655,51955
297,1,36996,40582,2564
300,1,47689,51993,10126
304,1,35486,35430,29991
305,1,4470,17069,37197
314,1,46595,59307,58950
315,1,19669,21206,37993
316,1,1562,12038,33269
318,1,23384,5067,11952
319,1,49982,36151,61988
320,1,1667,23205,33754
321,1,9459,58978,18047
322,1,2319,64975,12765
329,1,34766,56923,17360
330,1,29417,56614,16145
331,1,2774,14715,4050
333,1,12185,63194,7284
336,1,60068,35923,64832
339,1,43922,49581,10024
341,1,28772,3593,61569
342,1,48179,46829,62491
345,1,51233,26419,57619
348,1,4164,16233,48882
349,1,13504,44104,24943
350,1,3917,46730,64815
353,1,7010,42832,45816
355,1,35096,62301,62469
356,1,63693,39627,62057
357,1,43066,50873,64724
362,1,11505,61777,48795
367,1,45483,4052,42751
368,1,56905,54695,34766
370,1,60614,13388,46235
371,1,10657,7357,46001
372,1,14857,63871,40380
373,1,48980,31130,35691
374,1,34768,3063,52131
381,1,52403,45652,21621
385,1,13043,46671,646
387,1,26530,2874,14706
388,1,49890,43712,9673
396,1,33648,38988,16081
397,1,58137,42363,40656
398,1,58225,40744,733
399,1,58319,43374,6687
400,1,12271,21784,2050
401,1,11249,23561,48701
403,1,51401,11989,48739
404,1,19395,16593,2923
408,1,53589,18074,46985
409,1,34373,46688,6050
414,1,16718,33061,35140
415,1,6025,9881,28340
417,1,32955,57548,49099
418,1,11469,49853,14750
419,1,25466,36924,9782
421,1,10050,36759,59803
422,1,4199,1840,61456
423,1,63929,43077,33824
424,1,18405,4852,36913
426,1,11457,54413,10278
427,1,643,23585,59412
428,1,63070,16127,735
430,1,62887,3380,51267
431,1,38917,29443,57859
432,1,24874,59169,48078
433,1,58150,29313,26306
435,1,8934,7336,15705
440,1,46183,58726,33147
441,1,19101,42018,37519
443,1,33823,13658,53684
444,1,46240,18264,49857
445,1,43146,9440,49206
447,1,51708,53692,48112
449,1,60703,39741,5946
450,1,48151,493,48909
451,1,12895,47110,17191
453,1,8405,39325,48717
454,1,19785,40749,16260
455,1,13237,13462,41836
456,1,9891,51708,22750
458,1,62354,24123,20662
461,1,44135,23904,23986
462,1,60687,4682,58801
464,1,45541,16497,41563
466,1,48200,10832,56102
469,1,47316,10410,45405
475,1,53851,12491,34329
476,1,15281,16471,30668
477,1,55035,46619,7408
481,1,15984,61708,50350
483,1,21125,50669,13158
484,1,3851,29962,44620
485,1,43373,46489,29496
486,1,46584,47803,35220
487,1,54212,50434,2292
488,1,44366,63606,29550
489,1,28033,10932,59134
492,1,30901,35775,34896
493,1,28400,40944,36038
494,1,34112,51010,37278
495,1,6146,24877,27680
498,1,2117,3638,32297
499,1,35834,38178,55043
501,1,24875,55608,64583
502,1,56592,11019,60411
505,1,39159,16796,21609
506,1,51573,37709,25892
508,1,38289,55273,37000
509,1,61347,18364,35869
512,1,15518,29598,13488
515,1,14305,32400,27502
516,1,56111,49131,29831
517,1,64084,9517,46126
520,1,57942,12291,20945
521,1,52458,53935,12552
522,1,21431,30456,30099
525,1,55601,28815,9829
526,1,44261,29938,45545
527,1,35099,63753,45881
528,1,42023,37267,50314
529,1,6810,49412,57360
531,1,57578,56314,60969
536,1,26937,42374,48987
539,1,60135,46723,63970
540,1,8443,4402,46695
542,1,8594,33799,3044
546,1,51086,43835,22593
548,1,59064,30560,31469
549,1,63429,49349,58415
550,1,44429,47166,29478
551,1,63143,1080,34909
552,1,40926,41315,21185
553,1,15087,32791,62874
554,1,65378,41186,14640
557,1,35282,8209,14262
562,1,975,16755,9023
563,1,7326,56026,14983
565,1,17837,23674,3663
566,1,10758,36245,20179
567,1,30909,11590,21484
568,1,38341,16340,28603
571,1,60502,10395,24010
575,1,59406,7328,32901
576,1,63100,62723,54474
577,1,61363,63818,61707
580,1,21299,23100,50208
586,1,5892,36571,29804
588,1,50935,31051,49269
593,1,15118,51754,21617
594,1,46223,55223,20641
597,1,1699,46158,30412
598,1,22050,7218,62352
601,1,39066,52925,27453
603,1,4902,51707,44960
608,1,15971,47382,8540
609,1,11262,2840,40403
610,1,43711,34785,32194
611,1,34935,12489,43360
612,1,1612,30208,56594
615,1,51834,63760,9756
616,1,20102,12399,42496
617,1,39324,21782,27000
619,1,51934,7666,51373
620,1,2567,38617,45886
622,1,53566,60274,48865
626,1,18103,42249,49295
628,1,41279,8472,63922
629,1,38586,39449,26824
630,1,345,63670,36087
631,1,9863,21658,9342
633,1,14990,63129,3474
637,1,390,13692,65021
639,1,8482,6842,10503
640,1,48781,17460,27782
642,1,19377,46680,10761
644,1,10181,32380,7638
645,1,38976,29724,15242
647,1,37482,3680,44633
648,1,25702,61041,5829
650,1,64486,54380,64847
651,1,39760,34495,42395
655,1,41659,54784,42452
656,1,56192,35415,20581
658,1,50071,5776,35308
660,1,19199,19290,29434
663,1,49260,13549,42952
664,1,23000,11414,50076
665,1,43305,12609,28128
666,1,21776,8137,44105
668,1,59733,15694,62529
670,1,1206,35245,49854
671,1,62434,57599,52569
674,1,44346,7362,17395
675,1,53416,29297,50696
679,1,43740,33643,55346
680,1,27871,16051,40623
681,1,24249,28359,52683
682,1,20357,63371,50164
684,1,37781,35182,2662
692,1,9685,6872,46994
694,1,16939,57029,9789
697,1,18570,15791,62847
698,1,18412,50388,16118
699,1,59004,46610,43082
0,1,57129,56539,43028
1,0,0,0,0
2,0,0,0,0
3,0,0,0,0
4,0,0,0,0
5,0,0,0,0
6,0,0,0,0
9,1,55159,57500,57518
15,1,2205,32516,28272
24,1,18755,32251,44732
27,1,47882,63412,56089
29,1,30065,31955,35919
31,1,57922,17356,15663
34,1,44471,15670,59151
38,1,9150,8213,36132
40,1,29186,29892,22851
42,1,17274,65140,23250
43,1,62589,51989,10049
44,1,60584,15582,9563
48,1,35208,46520,34922
49,1,64375,16086,61611
51,1,40236,11005,38457
52,1,63660,63590,35028
57,1,19621,47417,39653
59,1,38515,30507,51405
61,1,13849,2570,40657
62,1,40324,63898,15550
64,1,4299,27675,23696
70,1,1827,56678,35014
71,1,58729,46273,62295
72,1,43943,50794,1540
73,1,44697,32993,44790
75,0,0,0,0
76,0,0,0,0
77,0,0,0,0
78,0,0,0,0
79,0,0,0,0
80,0,0,0,0
81,0,0,0,0
82,0,0,0,0
83,0,0,0,0
84,0,0,0,0
85,0,0,0,0
86,0,0,0,0
87,0,0,0,0
88,0,0,0,0
89,0,0,0,0
90,0,0,0,0
91,0,0,0,0
92,0,0,0,0
93,0,0,0,0
94,0,0,0,0
95,0,0,0,0
96,0,0,0,0
97,0,0,0,0
98,0,0,0,0
99,0,0,0,0
100,0,0,0,0
101,0,0,0,0
102,0,0,0,0
103,0,0,0,0
104,0,0,0,0
105,0,0,0,0
106,0,0,0,0
107,0,0,0,0
108,0,0,0,0
109,0,0,0,0
110,0,0,0,0
111,0,0,0,0
112,0,0,0,0
113,0,0,0,0
114,0,0,0,0
115,0,0,0,0
116,0,0,0,0
117,0,0,0,0
118,0,0,0,0
119,0,0,0,0
120,0,0,0,0
121,0,0,0,0
122,0,0,0,0
123,0,0,0,0
124,0,0,0,0
125,0,0,0,0
126,0,0,0,0
127,0,0,0,0
128,0,0,0,0
129,0,0,0,0
130,0,0,0,0
131,0,0,0,0
132,0,0,0,0
133,0,0,0,0
134,0,0,0,0
135,0,0,0,0
136,0,0,0,0
137,0,0,0,0
138,0,0,0,0
139,0,0,0,0
140,0,0,0,0
141,0,0,0,0
142,0,0,0,0
143,0,0,0,0
144,0,0,0,0
145,0,0,0,0
146,0,0,0,0
147,0,0,0,0
148,0,0,0,0
149,0,0,0,0
150,0,0,0,0
151,1,18282,18257,33007
152,1,64353,8097,54158
155,1,61647,27691,7880
157,1,55358,37482,59294
160,1,24510,36585,60810
163,1,13925,27016,19847
164,1,28841,25653,28929
165,1,59803,57989,63425
170,1,53833,30684,60206
171,1,21141,43082,1173
172,1,6063,64273,29400
177,1,63959,54675,64743
179,1,13753,57042,58411
180,1,52142,63762,4606
184,1,49488,30242,1783
185,1,22626,619,37104
190,1,54426,53671,16871
191,1,51997,13947,57664
192,1,59911,25724,8537
194,1,64911,62499,59303
195,1,31003,55425,36088
199,1,10969,53560,58027
203,1,31709,54907,17274
204,1,46593,7501,36753
207,1,23737,14744,27269
208,1,28591,56721,28759
211,1,46247,25844,9778
212,1,5891,63882,56597
215,1,35419,15674,34545
216,1,13651,11347,42333
217,1,51871,22906,30319
219,1,8281,39446,31658
221,1,19171,20181,59066
223,1,50521,44636,31516
226,1,43216,35544,13505
232,1,15631,64789,55937
239,1,12899,48464,23864
241,1,783,15371,8453
242,1,41880,46916,57176
245,1,9210,4489,55133
247,1,49824,35371,6762
248,1,31909,1963,65124
249,1,47687,60745,63093
251,1,51645,46392,13597
252,1,43524,34647,18364
255,1,61137,15834,56633
256,1,52938,356,49463
261,1,4000,20335,46086
268,1,64297,54464,40600
270,1,54448,2606,34381
271,1,53607,3088,60851
273,1,51572,38978,18116
274,1,25444,59703,52290
275,1,53159,31842,42634
276,1,46137,42671,29148
277,1,639,47299,1854
279,1,27420,7885,23774
280,1,49053,1730,6743
281,1,44816,41480,62634
286,1,18543,30967,16630
288,1,59549,28517,43351
291,1,14254,43880,50463
293,1,32538,60725,4576
296,1,13616,16655,51955
304,1,35486,35430,29991
314,1,46595,59307,58950
315,1,19669,21206,37993
316,1,1562,12038,33269
318,1,23384,5067,11952
319,1,49982,36151,61988
320,1,1667,23205,33754
321,1,9459,58978,18047
329,1,34766,56923,17360
330,1,29417,56614,16145
331,1,2774,14715,4050
333,1,12185,63194,7284
336,1,60068,35923,64832
339,1,43922,49581,10024
341,1,28772,3593,61569
342,1,48179,46829,62491
345,1,51233,26419,57619
348,1,4164,16233,48882
349,1,13504,44104,24943
350,1,3917,46730,64815
353,1,7010,42832,45816
355,1,35096,62301,62469
356,1,63693,39627,62057
357,1,43066,50873,64724
362,1,11505,61777,48795
367,1,45483,4052,42751
368,1,56905,54695,34766
370,1,60614,13388,46235
371,1,10657,7357,46001
373,1,48980,31130,35691
374,1,34768,3063,52131
385,1,13043,46671,646
387,1,26530,2874,14706
388,1,49890,43712,9673
396,1,33648,38988,16081
397,1,58137,42363,40656
398,1,58225,40744,733
399,1,58319,43374,6687
400,1,12271,21784,2050
401,1,11249,23561,48701
403,1,51401,11989,48739
404,1,19395,16593,2923
408,1,53589,18074,46985
414,1,16718,33061,35140
417,1,32955,57548,49099
418,1,11469,49853,14750
419,1,25466,36924,9782
421,1,10050,36759,59803
422,1,4199,1840,61456
423,1,63929,43077,33824
428,1,63070,16127,735
430,1,62887,3380,51267
431,1,38917,29443,57859
432,1,24874,59169,48078
433,1,58150,29313,26306
435,1,8934,7336,15705
440,1,46183,58726,33147
441,1,19101,42018,37519
443,1,33823,13658,53684
444,1,46240,18264,49857
445,1,43146,9440,49206
447,1,51708,53692,48112
449,1,60703,39741,5946
450,1,48151,493,48909
453,1,8405,39325,48717
455,1,13237,13462,41836
456,1,9891,51708,22750
458,1,62354,24123,20662
461,1,44135,23904,23986
462,1,60687,4682,58801
464,1,45541,16497,41563
466,1,48200,10832,56102
469,1,47316,10410,45405
475,1,53851,12491,34329
476,1,15281,16471,30668
481,1,15984,61708,50350
483,1,21125,50669,13158
485,1,43373,46489,29496
486,1,46584,47803,35220
487,1,54212,50434,2292
488,1,44366,63606,29550
489,1,28033,10932,59134
492,1,30901,35775,34896
493,1,28400,40944,36038
498,1,2117,3638,32297
499,1,35834,38178,55043
501,1,24875,55608,64583
505,1,39159,16796,21609
506,1,51573,37709,25892
508,1,38289,55273,37000
509,1,61347,18364,35869
512,1,15518,29598,13488
515,1,14305,32400,27502
516,1,56111,49131,29831
517,1,64084,9517,46126
520,1,57942,12291,20945
521,1,52458,53935,12552
522,1,21431,30456,30099
525,1,55601,28815,9829
526,1,44261,29938,45545
527,1,35099,63753,45881
528,1,42023,37267,50314
529,1,6810,49412,57360
531,1,57578,56314,60969
539,1,60135,46723,63970
540,1,8443,4402,46695
542,1,8594,33799,3044
548,1,59064,30560,31469
549,1,63429,49349,58415
551,1,63143,1080,34909
552,1,40926,41315,21185
553,1,15087,32791,62874
554,1,65378,41186,14640
562,1,975,16755,9023
563,1,7326,56026,14983
565,1,17837,23674,3663
566,1,10758,36245,20179
567,1,30909,11590,21484
568,1,38341,16340,28603
571,1,60502,10395,24010
575,1,59406,7328,32901
576,1,63100,62723,54474
577,1,61363,63818,61707
580,1,21299,23100,50208
586,1,5892,36571,29804
588,1,50935,31051,49269
593,1,15118,51754,21617
594,1,46223,55223,20641
597,1,1699,46158,30412
600,0,0,0,0
601,1,39066,52925,27453
603,1,4902,51707,44960
608,1,15971,47382,8540
610,1,43711,34785,32194
611,1,34935,12489,43360
615,1,51834,63760,9756
616,1,20102,12399,42496
617,1,39324,21782,27000
619,1,51934,7666,51373
620,1,2567,38617,45886
626,1,18103,42249,49295
628,1,41279,8472,63922
629,1,38586,39449,26824
630,1,345,63670,36087
631,1,9863,21658,9342
633,1,14990,63129,3474
637,1,390,13692,65021
639,1,8482,6842,10503
640,1,48781,17460,27782
642,1,19377,46680,10761
644,1,10181,32380,7638
645,1,38976,29724,15242
648,1,25702,61041,5829
650,1,64486,54380,64847
651,1,39760,34495,42395
656,1,56192,35415,20581
658,1,50071,5776,35308
660,1,19199,19290,29434
663,1,49260,13549,42952
664,1,23000,11414,50076
665,1,43305,12609,28128
666,1,21776,8137,44105
668,1,59733,15694,62529
670,1,1206,35245,49854
671,1,62434,57599,52569
674,1,44346,7362,17395
675,1,53416,29297,50696
679,1,43740,33643,55346
680,1,27871,16051,40623
681,1,24249,28359,52683
682,1,20357,63371,50164
684,1,37781,35182,2662
692,1,9685,6872,46994
697,1,18570,15791,62847
698,1,18412,50388,16118
699,1,59004,46610,43082
